Switch 1 on
Decimal: 4478259 (24Bit) Binary: 010001000101010100110011 Tri-State: F0F0FFFF0101 PulseLength: 186 microseconds Protocol: 1
Raw data: 5836,128,616,508,240,128,624,120,624,124,624,500,248,120,620,124,624,124,628,500,244,128,624,492,252,120,620,496,252,120,624,496,256,120,624,124,620,120,640,104,628,120,628,120,632,116,628,116,624,

Switch 1 off
Decimal: 4478268 (24Bit) Binary: 010001000101010100111100 Tri-State: F0F0FFFF0110 PulseLength: 188 microseconds Protocol: 1
Raw data: 5836,164,580,500,244,128,624,120,620,132,620,500,248,120,620,128,620,120,628,500,244,124,628,500,232,128,624,496,248,128,624,496,248,120,628,120,624,28,212,84,972,76,1492,64,132,700,140,164,248,

Switch 2 on
Decimal: 4478403 (24Bit) Binary: 010001000101010111000011 Tri-State: F0F0FFFF1001 PulseLength: 188 microseconds Protocol: 1
Raw data: 5836,128,612,508,244,128,624,120,616,128,624,500,244,128,616,128,620,128,616,500,252,124,620,504,248,116,624,500,248,124,620,500,244,128,620,124,620,124,624,124,620,128,612,84,928,80,292,48,344,

Switch 2 off
Decimal: 4478412 (24Bit) Binary: 010001000101010111001100 Tri-State: F0F0FFFF1010 PulseLength: 187 microseconds Protocol: 1
Raw data: 5832,132,612,508,244,124,620,128,628,116,620,504,248,124,620,124,616,128,628,492,244,128,620,500,252,120,624,500,248,120,624,496,256,116,624,120,628,120,624,120,624,124,616,48,980,64,264,28,468,

Switch 3 on
Decimal: 4478723 (24Bit) Binary: 010001000101011100000011 Tri-State: F0F0FFF10001 PulseLength: 187 microseconds Protocol: 1
Raw data: 5836,136,612,508,240,132,620,124,620,128,620,504,244,132,612,132,616,128,620,496,248,124,624,500,248,124,624,496,244,124,624,500,244,128,616,128,624,124,616,128,624,120,620,132,616,124,624,120,628,

Switch 3 off
Decimal: 4478732 (24Bit) Binary: 010001000101011100001100 Tri-State: F0F0FFF10010 PulseLength: 187 microseconds Protocol: 1
Raw data: 5840,128,616,508,244,124,616,128,624,120,624,500,244,128,616,132,620,124,616,500,248,124,624,504,240,124,624,496,244,132,624,496,244,128,620,124,624,124,624,120,620,152,912,20,12,96,156,720,40,

Switch 4 on
Decimal: 4480259 (24Bit) Binary: 010001000101110100000011 Tri-State: F0F0FF1F0001 PulseLength: 188 microseconds Protocol: 1
Raw data: 5840,128,620,500,248,124,620,124,620,124,624,508,244,120,624,124,620,128,616,500,252,120,628,504,232,508,252,488,248,132,620,496,248,128,620,120,632,116,624,124,620,124,616,132,620,496,252,496,252,

Switch 4 off
Decimal: 4480268 (24Bit) Binary: 010001000101110100001100 Tri-State: F0F0FF1F0010 PulseLength: 187 microseconds Protocol: 1
Raw data: 5836,128,620,500,244,124,624,124,620,120,632,500,240,128,616,128,620,124,616,508,244,124,624,508,236,124,620,504,244,124,624,500,248,120,632,116,624,124,616,128,620,76,272,44,264,148,52,60,24,

Switch 5 on
Decimal: 4486403 (24Bit) Binary: 010001000111010100000011 Tri-State: F0F0F1FF0001 PulseLength: 187 microseconds Protocol: 1
Raw data: 5832,132,612,508,236,132,632,112,620,128,624,500,240,132,616,124,624,124,620,500,248,504,240,508,244,120,620,504,240,132,620,496,244,136,616,124,628,116,620,128,620,124,292,20,608,116,276,540,24,

Switch 5 off
Decimal: 4486412 (24Bit) Binary: 010001000111010100001100 Tri-State: F0F0F1FF0010 PulseLength: 187 microseconds Protocol: 1
Raw data: 5832,164,584,500,244,128,616,132,616,136,616,504,244,120,612,136,620,124,628,496,240,132,616,504,236,132,620,500,248,124,624,496,244,128,628,40,476,44,260,152,164,468,52,628,388,144,660,44,56,